-0.37187 0.00000 0.08707 0.32831 0.00000 -0.00000 -0.14060 0.00000 -0.06785 -0.35669 0.00000 0.00000 0.00000 0.00000 0.00000 0.23246 -1.35465 0.32784 -0.24457 0.00628 0.14631 -0.00061 0.12420 1.40088 -0.58144 0.35551 0.05770 -0.15757 -0.14363 0.00000
-0.36733 0.00000 0.08939 0.33554 0.00000 -0.00000 -0.13790 0.00000 -0.06395 -0.37113 0.00000 0.00000 0.00000 0.00000 0.00000 0.22931 -1.35115 0.33300 -0.24533 0.00684 0.14665 -0.00019 0.11808 1.39949 -0.58022 0.34855 0.05574 -0.15790 -0.14037 0.00000
-0.36177 0.00000 0.09156 0.34091 0.00000 -0.00000 -0.13462 0.00000 -0.05973 -0.38623 0.00000 0.00000 0.00000 0.00000 0.00000 0.22609 -1.34764 0.33845 -0.24592 0.00748 0.14705 0.00027 0.11180 1.39809 -0.57909 0.34141 0.05376 -0.15824 -0.13713 0.00000
-0.35533 0.00000 0.09378 0.34498 0.00000 -0.00000 -0.13103 0.00000 -0.05533 -0.40185 0.00000 0.00000 0.00000 0.00000 0.00000 0.22282 -1.34415 0.34417 -0.24635 0.00822 0.14751 0.00072 0.10535 1.39673 -0.57802 0.33403 0.05178 -0.15858 -0.13391 0.00000
-0.34814 0.00000 0.09602 0.34790 0.00000 -0.00000 -0.12707 0.00000 -0.05080 -0.41805 0.00000 0.00000 0.00000 0.00000 0.00000 0.21953 -1.34074 0.35013 -0.24664 0.00909 0.14800 0.00114 0.09873 1.39546 -0.57697 0.32638 0.04985 -0.15894 -0.13077 0.00000
-0.34029 0.00000 0.09825 0.34980 0.00000 -0.00000 -0.12268 0.00000 -0.04618 -0.43490 0.00000 0.00000 0.00000 0.00000 0.00000 0.21625 -1.33743 0.35629 -0.24682 0.01010 0.14850 0.00150 0.09194 1.39434 -0.57588 0.31842 0.04796 -0.15930 -0.12774 0.00000
-0.33193 0.00000 0.10043 0.35081 0.00000 -0.00000 -0.11781 0.00000 -0.04150 -0.45247 0.00000 0.00000 0.00000 0.00000 0.00000 0.21303 -1.33428 0.36265 -0.24690 0.01127 0.14900 0.00176 0.08497 1.39343 -0.57472 0.31011 0.04616 -0.15966 -0.12484 0.00000
-0.32314 0.00000 0.10254 0.35109 0.00000 -0.00000 -0.11241 0.00000 -0.03680 -0.47081 0.00000 0.00000 0.00000 0.00000 0.00000 0.20988 -1.33132 0.36916 -0.24690 0.01262 0.14946 0.00190 0.07781 1.39278 -0.57344 0.30142 0.04447 -0.16002 -0.12212 0.00000
-0.31406 0.00000 0.10455 0.35077 0.00000 -0.00000 -0.10641 0.00000 -0.03209 -0.48999 0.00000 0.00000 0.00000 0.00000 0.00000 0.20673 -1.32854 0.37598 -0.24665 0.01420 0.14991 0.00198 0.07039 1.39239 -0.57209 0.29217 0.04294 -0.16032 -0.11964 0.00000
-0.30479 0.00000 0.10642 0.34998 0.00000 -0.00000 -0.09977 0.00000 -0.02741 -0.51007 0.00000 0.00000 0.00000 0.00000 0.00000 0.20349 -1.32589 0.38324 -0.24602 0.01602 0.15037 0.00206 0.06263 1.39221 -0.57075 0.28228 0.04159 -0.16054 -0.11742 0.00000
-0.29545 0.00000 0.10812 0.34887 0.00000 -0.00000 -0.09244 0.00000 -0.02277 -0.53114 0.00000 0.00000 0.00000 0.00000 0.00000 0.20017 -1.32336 0.39086 -0.24506 0.01804 0.15085 0.00214 0.05461 1.39221 -0.56941 0.27188 0.04038 -0.16069 -0.11538 0.00000
-0.28613 0.00000 0.10963 0.34757 0.00000 -0.00000 -0.08436 0.00000 -0.01815 -0.55326 0.00000 0.00000 0.00000 0.00000 0.00000 0.19680 -1.32093 0.39879 -0.24386 0.02022 0.15135 0.00219 0.04636 1.39233 -0.56809 0.26110 0.03926 -0.16082 -0.11346 0.00000
-0.27697 0.00000 0.11091 0.34623 0.00000 -0.00000 -0.07547 0.00000 -0.01357 -0.57651 0.00000 0.00000 0.00000 0.00000 0.00000 0.19338 -1.31859 0.40696 -0.24249 0.02252 0.15186 0.00221 0.03795 1.39256 -0.56679 0.25003 0.03819 -0.16096 -0.11162 0.00000
-0.26806 0.00000 0.11194 0.34498 0.00000 -0.00000 -0.06573 0.00000 -0.00900 -0.60098 0.00000 0.00000 0.00000 0.00000 0.00000 0.18994 -1.31631 0.41530 -0.24103 0.02491 0.15238 0.00218 0.02942 1.39284 -0.56552 0.23882 0.03712 -0.16114 -0.10977 0.00000
-0.25921 0.00000 0.11268 0.34354 0.00000 -0.00000 -0.05507 0.00000 -0.00438 -0.62689 0.00000 0.00000 0.00000 0.00000 0.00000 0.18650 -1.31408 0.42375 -0.23955 0.02734 0.15292 0.00208 0.02083 1.39316 -0.56428 0.22757 0.03600 -0.16140 -0.10786 0.00000
-0.25018 0.00000 0.11317 0.34156 0.00000 -0.00000 -0.04351 0.00000 0.00021 -0.65429 0.00000 0.00000 0.00000 0.00000 0.00000 0.18308 -1.31187 0.43224 -0.23813 0.02979 0.15347 0.00190 0.01223 1.39345 -0.56306 0.21641 0.03477 -0.16178 -0.10583 0.00000
-0.24099 0.00000 0.11341 0.33912 0.00000 -0.00000 -0.03111 0.00000 0.00456 -0.68304 0.00000 0.00000 0.00000 0.00000 0.00000 0.17971 -1.30966 0.44071 -0.23685 0.03219 0.15402 0.00162 0.00368 1.39370 -0.56188 0.20547 0.03340 -0.16231 -0.10362 0.00000
-0.23168 0.00000 0.11346 0.33629 0.00000 -0.00000 -0.01794 0.00000 0.00854 -0.71296 0.00000 0.00000 0.00000 0.00000 0.00000 0.17640 -1.30744 0.44909 -0.23578 0.03453 0.15459 0.00123 -0.00479 1.39385 -0.56074 0.19485 0.03182 -0.16303 -0.10118 0.00000
-0.22229 0.00000 0.11335 0.33313 0.00000 -0.00000 -0.00406 0.00000 0.01203 -0.74389 0.00000 0.00000 0.00000 0.00000 0.00000 0.17318 -1.30519 0.45732 -0.23502 0.03676 0.15515 0.00072 -0.01310 1.39388 -0.55963 0.18469 0.02999 -0.16397 -0.09844 0.00000
-0.21286 0.00000 0.11311 0.32971 0.00000 -0.00000 0.01047 0.00000 0.01499 -0.77568 0.00000 0.00000 0.00000 0.00000 0.00000 0.17008 -1.30287 0.46533 -0.23464 0.03883 0.15571 0.00006 -0.02122 1.39372 -0.55855 0.17512 0.02786 -0.16517 -0.09535 0.00000
-0.20342 0.00000 0.11278 0.32611 0.00000 -0.00000 0.02556 0.00000 0.01744 -0.81684 0.00000 0.00000 0.00000 0.00000 0.00000 0.16710 -1.30055 0.47327 -0.23454 0.04083 0.15624 -0.00074 -0.02928 1.39352 -0.55756 0.16582 0.02529 -0.16679 -0.09188 0.00000
-0.19402 0.00000 0.11239 0.32240 0.00000 -0.00000 0.04115 0.00000 0.01946 -0.85089 0.00000 0.00000 0.00000 0.00000 0.00000 0.16421 -1.29826 0.48130 -0.23460 0.04282 0.15675 -0.00165 -0.03742 1.39338 -0.55667 0.15649 0.02227 -0.16889 -0.08807 0.00000
-0.18468 0.00000 0.11198 0.31865 0.00000 -0.00000 0.05716 0.00000 0.02117 -0.88514 0.00000 0.00000 0.00000 0.00000 0.00000 0.16141 -1.29600 0.48938 -0.23480 0.04480 0.15723 -0.00267 -0.04561 1.39326 -0.55586 0.14723 0.01888 -0.17137 -0.08400 0.00000
-0.17545 0.00000 0.11158 0.31493 0.00000 -0.00000 0.07351 0.00000 0.02275 -0.91939 0.00000 0.00000 0.00000 0.00000 0.00000 0.15867 -1.29376 0.49748 -0.23514 0.04675 0.15769 -0.00380 -0.05380 1.39310 -0.55510 0.13811 0.01523 -0.17414 -0.07972 0.00000
-0.16635 0.00000 0.11122 0.31131 0.00000 -0.00000 0.09012 0.00000 0.02442 -0.95341 0.00000 0.00000 0.00000 0.00000 0.00000 0.15599 -1.29152 0.50555 -0.23561 0.04867 0.15812 -0.00502 -0.06194 1.39288 -0.55435 0.12924 0.01140 -0.17708 -0.07529 0.00000
-0.15744 0.00000 0.11095 0.30787 0.00000 -0.00000 0.10690 0.00000 0.02646 -0.98699 0.00000 0.00000 0.00000 0.00000 0.00000 0.15333 -1.28928 0.51356 -0.23622 0.05054 0.15855 -0.00634 -0.07001 1.39253 -0.55360 0.12069 0.00750 -0.18010 -0.07078 0.00000
-0.14861 0.00000 0.11069 0.30438 0.00000 -0.00000 0.12432 0.00000 0.02930 -1.02081 0.00000 0.00000 0.00000 0.00000 0.00000 0.15069 -1.28701 0.52148 -0.23697 0.05236 0.15897 -0.00774 -0.07794 1.39203 -0.55280 0.11256 0.00362 -0.18310 -0.06624 0.00000
-0.13979 0.00000 0.11036 0.30063 0.00000 -0.00000 0.14275 0.00000 0.03321 -1.05551 0.00000 0.00000 0.00000 0.00000 0.00000 0.14805 -1.28471 0.52926 -0.23784 0.05412 0.15939 -0.00922 -0.08572 1.39131 -0.55192 0.10493 -0.00015 -0.18595 -0.06171 0.00000
-0.13100 0.00000 0.10998 0.29669 0.00000 -0.00000 0.16200 0.00000 0.03818 -1.09094 0.00000 0.00000 0.00000 0.00000 0.00000 0.14540 -1.28235 0.53687 -0.23885 0.05580 0.15982 -0.01078 -0.09328 1.39036 -0.55094 0.09788 -0.00369 -0.18857 -0.05724 0.00000
-0.12225 0.00000 0.10956 0.29263 0.00000 -0.00000 0.18185 0.00000 0.04416 -1.12689 0.00000 0.00000 0.00000 0.00000 0.00000 0.14273 -1.27994 0.54427 -0.23998 0.05740 0.16025 -0.01241 -0.10059 1.38911 -0.54981 0.09149 -0.00690 -0.19083 -0.05289 0.00000
-0.11359 0.00000 0.10912 0.28851 0.00000 -0.00000 0.20210 0.00000 0.05102 -1.16316 0.00000 0.00000 0.00000 0.00000 0.00000 0.14002 -1.27745 0.55142 -0.24126 0.05891 0.16072 -0.01410 -0.10761 1.38754 -0.54852 0.08584 -0.00970 -0.19263 -0.04869 0.00000
-0.10502 0.00000 0.10868 0.28441 0.00000 -0.00000 0.42880 0.00000 0.12865 -1.57808 0.00000 0.00000 0.00000 0.00000 0.00000 0.13727 -1.27486 0.55828 -0.24268 0.06031 0.16122 -0.01585 -0.11429 1.38561 -0.54702 0.08100 -0.01196 -0.19385 -0.04468 0.00000
-0.09657 0.00000 0.10826 0.28039 0.00000 -0.00000 0.44247 0.00000 0.13078 -1.60409 0.00000 0.00000 0.00000 0.00000 0.00000 0.13454 -1.27204 0.56487 -0.24449 0.06154 0.16172 -0.01770 -0.12065 1.38319 -0.54533 0.07705 -0.01371 -0.19447 -0.04068 0.00000
-0.08827 0.00000 0.10786 0.27652 0.00000 -0.00000 0.45586 0.00000 0.13203 -1.62927 0.00000 0.00000 0.00000 0.00000 0.00000 0.13192 -1.26891 0.57124 -0.24684 0.06258 0.16220 -0.01968 -0.12673 1.38024 -0.54347 0.07394 -0.01504 -0.19461 -0.03650 0.00000
-0.08014 0.00000 0.10750 0.27289 0.00000 -0.00000 0.46904 0.00000 0.13227 -1.65361 0.00000 0.00000 0.00000 0.00000 0.00000 0.12938 -1.26556 0.57739 -0.24961 0.06346 0.16267 -0.02177 -0.13256 1.37687 -0.54147 0.07158 -0.01604 -0.19435 -0.03221 0.00000
-0.07219 0.00000 0.10720 0.26957 0.00000 -0.00000 0.48206 0.00000 0.13143 -1.67710 0.00000 0.00000 0.00000 0.00000 0.00000 0.12688 -1.26206 0.58336 -0.25267 0.06422 0.16314 -0.02395 -0.13815 1.37317 -0.53933 0.06986 -0.01674 -0.19375 -0.02785 0.00000
-0.06446 0.00000 0.10697 0.26662 0.00000 -0.00000 0.49498 0.00000 0.12939 -1.69972 0.00000 0.00000 0.00000 0.00000 0.00000 0.12439 -1.25851 0.58916 -0.25587 0.06490 0.16360 -0.02620 -0.14354 1.36923 -0.53705 0.06869 -0.01721 -0.19289 -0.02351 0.00000
-0.05697 0.00000 0.10681 0.26415 0.00000 -0.00000 0.50786 0.00000 0.12607 -1.72145 0.00000 0.00000 0.00000 0.00000 0.00000 0.12189 -1.25499 0.59481 -0.25910 0.06554 0.16408 -0.02851 -0.14873 1.36516 -0.53467 0.06798 -0.01749 -0.19185 -0.01924 0.00000
-0.04969 0.00000 0.10674 0.26208 0.00000 -0.00000 0.52061 0.00000 0.12082 -1.74244 0.00000 0.00000 0.00000 0.00000 0.00000 0.11933 -1.25159 0.60032 -0.26222 0.06619 0.16458 -0.03087 -0.15376 1.36105 -0.53218 0.06762 -0.01764 -0.19069 -0.01512 0.00000
-0.04259 0.00000 0.10673 0.26032 0.00000 -0.00000 0.53315 0.00000 0.11334 -1.76280 0.00000 0.00000 0.00000 0.00000 0.00000 0.11668 -1.24838 0.60571 -0.26510 0.06689 0.16512 -0.03326 -0.15865 1.35701 -0.52961 0.06753 -0.01772 -0.18950 -0.01121 0.00000
-0.03567 0.00000 0.10678 0.25884 0.00000 -0.00000 0.54546 0.00000 0.10404 -1.78244 0.00000 0.00000 0.00000 0.00000 0.00000 0.11392 -1.24547 0.61101 -0.26759 0.06768 0.16568 -0.03566 -0.16340 1.35312 -0.52697 0.06761 -0.01776 -0.18835 -0.00759 0.00000
-0.02893 0.00000 0.10687 0.25762 0.00000 -0.00000 0.55756 0.00000 0.09336 -1.80131 0.00000 0.00000 0.00000 0.00000 0.00000 0.11100 -1.24293 0.61621 -0.26957 0.06860 0.16630 -0.03806 -0.16806 1.34949 -0.52429 0.06776 -0.01784 -0.18731 -0.00432 0.00000
-0.02235 0.00000 0.10700 0.25664 0.00000 -0.00000 0.56945 0.00000 0.08170 -1.81933 0.00000 0.00000 0.00000 0.00000 0.00000 0.10788 -1.24084 0.62136 -0.27092 0.06970 0.16697 -0.04045 -0.17264 1.34621 -0.52158 0.06790 -0.01800 -0.18645 -0.00148 0.00000
-0.01593 0.00000 0.10715 0.25589 0.00000 -0.00000 0.58113 0.00000 0.06951 -1.83642 0.00000 0.00000 0.00000 0.00000 0.00000 0.10453 -1.23929 0.62644 -0.27148 0.07102 0.16770 -0.04282 -0.17717 1.34339 -0.51887 0.06794 -0.01829 -0.18585 0.00086 0.00000
-0.00967 0.00000 0.10732 0.25535 0.00000 -0.00000 0.59261 0.00000 0.05719 -1.85253 0.00000 0.00000 0.00000 0.00000 0.00000 0.10094 -1.23823 0.63141 -0.27122 0.07258 0.16850 -0.04522 -0.18160 1.34094 -0.51633 0.06799 -0.01871 -0.18543 0.00275 0.00000
-0.00356 0.00000 0.10750 0.25499 0.00000 -0.00000 0.60389 0.00000 0.04517 -1.86758 0.00000 0.00000 0.00000 0.00000 0.00000 0.09713 -1.23751 0.63621 -0.27025 0.07435 0.16938 -0.04772 -0.18585 1.33872 -0.51406 0.06822 -0.01917 -0.18505 0.00429 0.00000
0.00241 0.00000 0.10766 0.25481 0.00000 -0.00000 0.61496 0.00000 0.03388 -1.88152 0.00000 0.00000 0.00000 0.00000 0.00000 0.09313 -1.23712 0.64084 -0.26868 0.07629 0.17031 -0.05029 -0.18997 1.33670 -0.51196 0.06864 -0.01966 -0.18471 0.00549 0.00000
0.00824 0.00000 0.10782 0.25477 0.00000 -0.00000 0.62585 0.00000 0.02371 -1.89428 0.00000 0.00000 0.00000 0.00000 0.00000 0.08898 -1.23703 0.64534 -0.26664 0.07836 0.17128 -0.05292 -0.19395 1.33486 -0.50992 0.06924 -0.02013 -0.18439 0.00640 0.00000
0.01393 0.00000 0.10795 0.25487 0.00000 -0.00000 0.63654 0.00000 0.01510 -1.90582 0.00000 0.00000 0.00000 0.00000 0.00000 0.08469 -1.23721 0.64972 -0.26424 0.08054 0.17227 -0.05559 -0.19781 1.33319 -0.50785 0.07003 -0.02055 -0.18410 0.00700 0.00000
0.01949 0.00000 0.10804 0.25508 0.00000 -0.00000 0.64705 0.00000 0.00844 -1.91606 0.00000 0.00000 0.00000 0.00000 0.00000 0.08029 -1.23764 0.65400 -0.26160 0.08278 0.17326 -0.05826 -0.20156 1.33165 -0.50564 0.07100 -0.02089 -0.18383 0.00734 0.00000
0.02491 0.00000 0.10814 0.25551 0.00000 -0.00000 0.65747 0.00000 0.00346 -1.92515 0.00000 0.00000 0.00000 0.00000 0.00000 0.07581 -1.23828 0.65819 -0.25882 0.08505 0.17426 -0.06093 -0.20523 1.33024 -0.50319 0.07215 -0.02110 -0.18357 0.00742 0.00000
0.03017 0.00000 0.10827 0.25624 0.00000 -0.00000 0.66786 0.00000 -0.00046 -1.93326 0.00000 0.00000 0.00000 0.00000 0.00000 0.07129 -1.23912 0.66234 -0.25602 0.08731 0.17524 -0.06356 -0.20881 1.32893 -0.50038 0.07347 -0.02117 -0.18332 0.00727 0.00000
0.03528 0.00000 0.10843 0.25723 0.00000 -0.00000 0.67816 0.00000 -0.00348 -1.94036 0.00000 0.00000 0.00000 0.00000 0.00000 0.06674 -1.24013 0.66643 -0.25331 0.08952 0.17619 -0.06614 -0.21233 1.32771 -0.49713 0.07498 -0.02105 -0.18308 0.00690 0.00000
0.04023 0.00000 0.10860 0.25845 0.00000 -0.00000 0.68832 0.00000 -0.00574 -1.94641 0.00000 0.00000 0.00000 0.00000 0.00000 0.06219 -1.24129 0.67052 -0.25079 0.09165 0.17710 -0.06864 -0.21581 1.32656 -0.49331 0.07665 -0.02072 -0.18283 0.00634 0.00000
0.04504 0.00000 0.10876 0.25983 0.00000 -0.00000 0.69828 0.00000 -0.00737 -1.95138 0.00000 0.00000 0.00000 0.00000 0.00000 0.05767 -1.24258 0.67460 -0.24858 0.09365 0.17797 -0.07103 -0.21926 1.32547 -0.48883 0.07850 -0.02014 -0.18257 0.00561 0.00000
0.04971 0.00000 0.10890 0.26134 0.00000 -0.00000 0.70800 0.00000 -0.00853 -1.95524 0.00000 0.00000 0.00000 0.00000 0.00000 0.05321 -1.24396 0.67871 -0.24678 0.09548 0.17880 -0.07330 -0.22269 1.32442 -0.48357 0.08052 -0.01928 -0.18230 0.00472 0.00000
0.05424 0.00000 0.10902 0.26293 0.00000 -0.00000 0.71741 0.00000 -0.00935 -1.95796 0.00000 0.00000 0.00000 0.00000 0.00000 0.04877 -1.24554 0.68282 -0.24514 0.09725 0.17965 -0.07551 -0.22607 1.32345 -0.47741 0.08278 -0.01812 -0.18203 0.00355 0.00000
0.05862 0.00000 0.10907 0.26456 0.00000 -0.00000 0.72646 0.00000 -0.00996 -1.95949 0.00000 0.00000 0.00000 0.00000 0.00000 0.04428 -1.24739 0.68689 -0.24340 0.09907 0.18058 -0.07776 -0.22936 1.32260 -0.47037 0.08533 -0.01668 -0.18177 0.00201 0.00000
0.06288 0.00000 0.10907 0.26619 0.00000 -0.00000 0.73510 0.00000 -0.01049 -1.95980 0.00000 0.00000 0.00000 0.00000 0.00000 0.03976 -1.24949 0.69092 -0.24160 0.10089 0.18156 -0.08001 -0.23258 1.32187 -0.46259 0.08814 -0.01499 -0.18150 0.00015 0.00000
0.06701 0.00000 0.10899 0.26775 0.00000 -0.00000 0.74327 0.00000 -0.01107 -1.95887 0.00000 0.00000 0.00000 0.00000 0.00000 0.03519 -1.25180 0.69491 -0.23982 0.10270 0.18256 -0.08224 -0.23573 1.32125 -0.45422 0.09116 -0.01308 -0.18121 -0.00198 0.00000
0.07101 0.00000 0.10882 0.26922 0.00000 -0.00000 0.75091 0.00000 -0.01181 -1.95664 0.00000 0.00000 0.00000 0.00000 0.00000 0.03060 -1.25428 0.69885 -0.23810 0.10446 0.18356 -0.08441 -0.23882 1.32075 -0.44540 0.09435 -0.01099 -0.18088 -0.00431 0.00000
0.07490 0.00000 0.10854 0.27054 0.00000 -0.00000 0.75797 0.00000 -0.01282 -1.95309 0.00000 0.00000 0.00000 0.00000 0.00000 0.02598 -1.25690 0.70273 -0.23650 0.10613 0.18453 -0.08650 -0.24187 1.32035 -0.43627 0.09767 -0.00876 -0.18051 -0.00680 0.00000
0.07867 0.00000 0.10815 0.27181 0.00000 -0.00000 0.76451 0.00000 -0.01395 -1.94822 0.00000 0.00000 0.00000 0.00000 0.00000 0.02134 -1.25960 0.70655 -0.23510 0.10770 0.18544 -0.08847 -0.24488 1.32005 -0.42697 0.10109 -0.00642 -0.18008 -0.00939 0.00000
0.08231 0.00000 0.10766 0.27313 0.00000 -0.00000 0.77062 0.00000 -0.01499 -1.94208 0.00000 0.00000 0.00000 0.00000 0.00000 0.01668 -1.26238 0.71031 -0.23394 0.10911 0.18628 -0.09028 -0.24787 1.31985 -0.41766 0.10455 -0.00399 -0.17958 -0.01203 0.00000
0.08582 0.00000 0.10708 0.27448 0.00000 -0.00000 0.77630 0.00000 -0.01597 -1.93467 0.00000 0.00000 0.00000 0.00000 0.00000 0.01201 -1.26517 0.71401 -0.23308 0.11035 0.18702 -0.09192 -0.25084 1.31974 -0.40846 0.10803 -0.00152 -0.17902 -0.01465 0.00000
0.08921 0.00000 0.10642 0.27583 0.00000 -0.00000 0.78156 0.00000 -0.01688 -1.92603 0.00000 0.00000 0.00000 0.00000 0.00000 0.00734 -1.26796 0.71765 -0.23258 0.11138 0.18764 -0.09333 -0.25381 1.31971 -0.39953 0.11147 0.00097 -0.17838 -0.01720 0.00000
0.09247 0.00000 0.10570 0.27719 0.00000 -0.00000 0.78640 0.00000 -0.01776 -1.91618 0.00000 0.00000 0.00000 0.00000 0.00000 0.00267 -1.27069 0.72121 -0.23251 0.11216 0.18813 -0.09447 -0.25677 1.31977 -0.39101 0.11485 0.00343 -0.17768 -0.01963 0.00000
0.09560 0.00000 0.10493 0.27851 0.00000 -0.00000 0.79082 0.00000 -0.01860 -1.90514 0.00000 0.00000 0.00000 0.00000 0.00000 -0.00200 -1.27334 0.72471 -0.23292 0.11267 0.18845 -0.09533 -0.25976 1.31989 -0.38304 0.11813 0.00584 -0.17691 -0.02189 0.00000
0.09860 0.00000 0.10413 0.27979 0.00000 -0.00000 0.79484 0.00000 -0.01939 -1.89293 0.00000 0.00000 0.00000 0.00000 0.00000 -0.00668 -1.27594 0.72819 -0.23381 0.11288 0.18863 -0.09585 -0.26278 1.32007 -0.37533 0.12148 0.00835 -0.17603 -0.02409 0.00000
0.10146 0.00000 0.10330 0.28100 0.00000 -0.00000 0.79845 0.00000 -0.02016 -1.87958 0.00000 0.00000 0.00000 0.00000 0.00000 -0.01139 -1.27855 0.73168 -0.23513 0.11278 0.18871 -0.09603 -0.26585 1.32031 -0.36758 0.12505 0.01107 -0.17502 -0.02638 0.00000
0.10420 0.00000 0.10246 0.28212 0.00000 -0.00000 0.80166 0.00000 -0.02089 -1.86510 0.00000 0.00000 0.00000 0.00000 0.00000 -0.01612 -1.28117 0.73515 -0.23683 0.11243 0.18869 -0.09593 -0.26895 1.32062 -0.35983 0.12877 0.01396 -0.17391 -0.02873 0.00000
0.10679 0.00000 0.10163 0.28314 0.00000 -0.00000 0.80448 0.00000 -0.02157 -1.84953 0.00000 0.00000 0.00000 0.00000 0.00000 -0.02087 -1.28380 0.73859 -0.23886 0.11187 0.18861 -0.09558 -0.27205 1.32101 -0.35214 0.13257 0.01695 -0.17270 -0.03110 0.00000
0.10926 0.00000 0.10081 0.28403 0.00000 -0.00000 0.80690 0.00000 -0.02220 -1.83287 0.00000 0.00000 0.00000 0.00000 0.00000 -0.02562 -1.28647 0.74196 -0.24117 0.11113 0.18848 -0.09500 -0.27513 1.32149 -0.34458 0.13639 0.01998 -0.17144 -0.03344 0.00000
0.11158 0.00000 0.10002 0.28479 0.00000 -0.00000 0.80893 0.00000 -0.02278 -1.81516 0.00000 0.00000 0.00000 0.00000 0.00000 -0.03039 -1.28915 0.74525 -0.24373 0.11026 0.18832 -0.09425 -0.27815 1.32207 -0.33720 0.14014 0.02299 -0.17015 -0.03574 0.00000
0.11374 0.00000 0.09923 0.28541 0.00000 -0.00000 0.81063 0.00000 -0.02330 -1.79639 0.00000 0.00000 0.00000 0.00000 0.00000 -0.03515 -1.29186 0.74843 -0.24649 0.10930 0.18814 -0.09336 -0.28111 1.32276 -0.33008 0.14378 0.02592 -0.16886 -0.03795 0.00000
0.11573 0.00000 0.09841 0.28596 0.00000 -0.00000 0.81200 0.00000 -0.02377 -1.77654 0.00000 0.00000 0.00000 0.00000 0.00000 -0.03991 -1.29461 0.75148 -0.24940 0.10829 0.18797 -0.09238 -0.28397 1.32357 -0.32326 0.14722 0.02871 -0.16758 -0.04004 0.00000
0.11756 0.00000 0.09756 0.28641 0.00000 -0.00000 0.81304 0.00000 -0.02415 -1.75560 0.00000 0.00000 0.00000 0.00000 0.00000 -0.04465 -1.29738 0.75438 -0.25241 0.10727 0.18782 -0.09133 -0.28670 1.32449 -0.31682 0.15040 0.03131 -0.16637 -0.04198 0.00000
0.11925 0.00000 0.09669 0.28678 0.00000 -0.00000 0.81370 0.00000 -0.02445 -1.73356 0.00000 0.00000 0.00000 0.00000 0.00000 -0.04938 -1.30019 0.75710 -0.25549 0.10627 0.18769 -0.09027 -0.28929 1.32555 -0.31081 0.15325 0.03366 -0.16525 -0.04374 0.00000
0.12080 0.00000 0.09581 0.28707 0.00000 -0.00000 0.81396 0.00000 -0.02464 -1.71043 0.00000 0.00000 0.00000 0.00000 0.00000 -0.05409 -1.30304 0.75962 -0.25859 0.10535 0.18760 -0.08925 -0.29170 1.32674 -0.30529 0.15571 0.03569 -0.16425 -0.04528 0.00000
0.12223 0.00000 0.09494 0.28728 0.00000 -0.00000 0.81378 0.00000 -0.02470 -1.68619 0.00000 0.00000 0.00000 0.00000 0.00000 -0.05878 -1.30593 0.76191 -0.26166 0.10453 0.18757 -0.08829 -0.29392 1.32807 -0.30034 0.15770 0.03737 -0.16340 -0.04658 0.00000
0.12355 0.00000 0.09408 0.28740 0.00000 -0.00000 0.81314 0.00000 -0.02464 -1.66083 0.00000 0.00000 0.00000 0.00000 0.00000 -0.06348 -1.30890 0.76400 -0.26471 0.10376 0.18760 -0.08731 -0.29598 1.32955 -0.29590 0.15927 0.03873 -0.16272 -0.04771 0.00000
0.12477 0.00000 0.09324 0.28743 0.00000 -0.00000 0.81201 0.00000 -0.02447 -1.63436 0.00000 0.00000 0.00000 0.00000 0.00000 -0.06822 -1.31198 0.76594 -0.26780 0.10299 0.18771 -0.08623 -0.29794 1.33120 -0.29189 0.16052 0.03988 -0.16215 -0.04879 0.00000
0.12590 0.00000 0.09242 0.28739 0.00000 -0.00000 0.81036 0.00000 -0.02419 -1.60677 0.00000 0.00000 0.00000 0.00000 0.00000 -0.07298 -1.31514 0.76770 -0.27094 0.10221 0.18786 -0.08505 -0.29979 1.33300 -0.28830 0.16147 0.04083 -0.16170 -0.04977 0.00000
0.12697 0.00000 0.09165 0.28726 0.00000 -0.00000 0.80816 0.00000 -0.02380 -1.57807 0.00000 0.00000 0.00000 0.00000 0.00000 -0.07777 -1.31835 0.76931 -0.27416 0.10143 0.18804 -0.08379 -0.30152 1.33491 -0.28510 0.16214 0.04158 -0.16134 -0.05064 0.00000
0.12797 0.00000 0.09092 0.28706 0.00000 -0.00000 0.80537 0.00000 -0.02333 -1.54824 0.00000 0.00000 0.00000 0.00000 0.00000 -0.08254 -1.32159 0.77076 -0.27748 0.10065 0.18825 -0.08249 -0.30312 1.33693 -0.28228 0.16256 0.04215 -0.16107 -0.05137 0.00000
0.12892 0.00000 0.09025 0.28676 0.00000 -0.00000 0.80198 0.00000 -0.02280 -1.51730 0.00000 0.00000 0.00000 0.00000 0.00000 -0.08730 -1.32481 0.77207 -0.28091 0.09986 0.18846 -0.08115 -0.30457 1.33905 -0.27981 0.16274 0.04254 -0.16087 -0.05194 0.00000
0.12979 0.00000 0.08965 0.28624 0.00000 -0.00000 0.79813 0.00000 -0.02229 -1.48529 0.00000 0.00000 0.00000 0.00000 0.00000 -0.09203 -1.32800 0.77323 -0.28448 0.09907 0.18865 -0.07980 -0.30586 1.34123 -0.27767 0.16271 0.04276 -0.16073 -0.05231 0.00000
0.13054 0.00000 0.08912 0.28539 0.00000 -0.00000 0.79394 0.00000 -0.02186 -1.45227 0.00000 0.00000 0.00000 0.00000 0.00000 -0.09672 -1.33112 0.77425 -0.28822 0.09828 0.18880 -0.07846 -0.30699 1.34347 -0.27584 0.16249 0.04283 -0.16064 -0.05248 0.00000
0.13118 0.00000 0.08864 0.28429 0.00000 -0.00000 0.78936 0.00000 -0.02151 -1.41828 0.00000 0.00000 0.00000 0.00000 0.00000 -0.10134 -1.33416 0.77514 -0.29215 0.09748 0.18890 -0.07714 -0.30795 1.34575 -0.27430 0.16211 0.04274 -0.16058 -0.05241 0.00000
0.13172 0.00000 0.08820 0.28303 0.00000 -0.00000 0.78431 0.00000 -0.02124 -1.38334 0.00000 0.00000 0.00000 0.00000 0.00000 -0.10588 -1.33707 0.77590 -0.29629 0.09668 0.18894 -0.07587 -0.30871 1.34804 -0.27303 0.16157 0.04251 -0.16054 -0.05208 0.00000
0.13218 0.00000 0.08780 0.28169 0.00000 -0.00000 0.77874 0.00000 -0.02102 -1.34746 0.00000 0.00000 0.00000 0.00000 0.00000 -0.11033 -1.33983 0.77654 -0.30068 0.09586 0.18888 -0.07466 -0.30928 1.35033 -0.27201 0.16092 0.04214 -0.16049 -0.05146 0.00000
0.13256 0.00000 0.08741 0.28034 0.00000 -0.00000 0.77258 0.00000 -0.02082 -1.31064 0.00000 0.00000 0.00000 0.00000 0.00000 -0.11466 -1.34242 0.77706 -0.30533 0.09504 0.18872 -0.07353 -0.30964 1.35261 -0.27121 0.16016 0.04165 -0.16042 -0.05052 0.00000
0.13289 0.00000 0.08702 0.27907 0.00000 -0.00000 0.76578 0.00000 -0.02059 -1.27289 0.00000 0.00000 0.00000 0.00000 0.00000 -0.11893 -1.34485 0.77740 -0.31034 0.09421 0.18844 -0.07248 -0.30977 1.35493 -0.27080 0.15909 0.04099 -0.16035 -0.04917 0.00000
0.13317 0.00000 0.08663 0.27795 0.00000 -0.00000 0.75826 0.00000 -0.02028 -1.23416 0.00000 0.00000 0.00000 0.00000 0.00000 -0.12316 -1.34719 0.77750 -0.31576 0.09339 0.18805 -0.07146 -0.30964 1.35734 -0.27091 0.15757 0.04012 -0.16029 -0.04737 0.00000
0.13342 0.00000 0.08621 0.27708 0.00000 -0.00000 0.74998 0.00000 -0.01981 -1.19442 0.00000 0.00000 0.00000 0.00000 0.00000 -0.12735 -1.34943 0.77739 -0.32152 0.09257 0.18757 -0.07047 -0.30929 1.35984 -0.27144 0.15568 0.03907 -0.16024 -0.04519 0.00000
0.13364 0.00000 0.08576 0.27652 0.00000 -0.00000 0.74088 0.00000 -0.01910 -1.15363 0.00000 0.00000 0.00000 0.00000 0.00000 -0.13149 -1.35157 0.77712 -0.32755 0.09175 0.18701 -0.06951 -0.30874 1.36238 -0.27233 0.15352 0.03784 -0.16018 -0.04270 0.00000
0.13385 0.00000 0.08526 0.27637 0.00000 -0.00000 0.73091 0.00000 -0.01806 -1.11169 0.00000 0.00000 0.00000 0.00000 0.00000 -0.13556 -1.35361 0.77673 -0.33379 0.09091 0.18640 -0.06857 -0.30801 1.36495 -0.27351 0.15119 0.03647 -0.16012 -0.03997 0.00000
0.13407 0.00000 0.08471 0.27669 0.00000 -0.00000 0.72003 0.00000 -0.01658 -1.06852 0.00000 0.00000 0.00000 0.00000 0.00000 -0.13955 -1.35556 0.77626 -0.34015 0.09005 0.18574 -0.06764 -0.30713 1.36752 -0.27489 0.14877 0.03496 -0.16004 -0.03707 0.00000
0.13434 0.00000 0.08415 0.27719 0.00000 -0.00000 0.70773 0.00000 -0.01399 -1.02249 0.00000 0.00000 0.00000 0.00000 0.00000 -0.14346 -1.35743 0.77574 -0.34658 0.08916 0.18505 -0.06671 -0.30612 1.37008 -0.27639 0.14638 0.03334 -0.15995 -0.03408 0.00000
0.13469 0.00000 0.08365 0.27757 0.00000 -0.00000 0.69380 0.00000 -0.00992 -0.97266 0.00000 0.00000 0.00000 0.00000 0.00000 -0.14726 -1.35921 0.77521 -0.35301 0.08824 0.18437 -0.06579 -0.30500 1.37259 -0.27795 0.14410 0.03163 -0.15984 -0.03106 0.00000
0.13509 0.00000 0.08317 0.27795 0.00000 -0.00000 0.67856 0.00000 -0.00475 -0.92001 0.00000 0.00000 0.00000 0.00000 0.00000 -0.15095 -1.36091 0.77470 -0.35936 0.08728 0.18368 -0.06486 -0.30379 1.37503 -0.27949 0.14203 0.02984 -0.15972 -0.02809 0.00000
0.13550 0.00000 0.08270 0.27845 0.00000 -0.00000 0.66232 0.00000 0.00118 -0.86547 0.00000 0.00000 0.00000 0.00000 0.00000 -0.15452 -1.36254 0.77427 -0.36556 0.08627 0.18303 -0.06391 -0.30253 1.37738 -0.28094 0.14026 0.02801 -0.15960 -0.02524 0.00000
0.13587 0.00000 0.08221 0.27919 0.00000 -0.00000 0.64541 0.00000 0.00749 -0.73247 0.00000 0.00000 0.00000 0.00000 0.00000 -0.15794 -1.36410 0.77394 -0.37155 0.08522 0.18242 -0.06294 -0.30123 1.37962 -0.28221 0.13890 0.02614 -0.15948 -0.02258 0.00000
0.13617 0.00000 0.08167 0.28028 0.00000 -0.00000 0.62813 0.00000 0.01383 -0.67501 0.00000 0.00000 0.00000 0.00000 0.00000 -0.16122 -1.36560 0.77376 -0.37725 0.08410 0.18187 -0.06195 -0.29993 1.38172 -0.28324 0.13803 0.02426 -0.15937 -0.02018 0.00000
0.13636 0.00000 0.08106 0.28185 0.00000 -0.00000 0.61081 0.00000 0.01983 -0.61827 0.00000 0.00000 0.00000 0.00000 0.00000 -0.16435 -1.36705 0.77379 -0.38272 0.08288 0.18135 -0.06093 -0.29853 1.38374 -0.28412 0.13754 0.02221 -0.15930 -0.01784 0.00000
0.13639 0.00000 0.08037 0.28402 0.00000 -0.00000 0.59374 0.00000 0.02511 -0.56325 0.00000 0.00000 0.00000 0.00000 0.00000 -0.16733 -1.36845 0.77407 -0.38809 0.08154 0.18082 -0.05988 -0.29696 1.38574 -0.28500 0.13722 0.01988 -0.15927 -0.01537 0.00000
0.14060 0.00000 0.06785 0.35669 0.00000 -0.00000 0.57722 0.00000 0.02931 -0.51096 0.00000 0.00000 0.00000 0.00000 0.00000 -0.12420 -1.40088 0.58144 -0.35551 -0.05770 0.15757 0.14363 -0.29525 1.38772 -0.28587 0.13709 0.01733 -0.15926 -0.01282 0.00000
0.13790 0.00000 0.06395 0.37113 0.00000 -0.00000 0.56153 0.00000 0.03207 -0.46239 0.00000 0.00000 0.00000 0.00000 0.00000 -0.11808 -1.39949 0.58022 -0.34855 -0.05574 0.15790 0.14037 -0.29344 1.38964 -0.28673 0.13715 0.01465 -0.15926 -0.01025 0.00000
0.13462 0.00000 0.05973 0.38623 0.00000 -0.00000 0.54698 0.00000 0.03302 -0.41856 0.00000 0.00000 0.00000 0.00000 0.00000 -0.11180 -1.39809 0.57909 -0.34141 -0.05376 0.15824 0.13713 -0.29153 1.39148 -0.28756 0.13741 0.01189 -0.15924 -0.00772 0.00000
0.13103 0.00000 0.05533 0.40185 0.00000 -0.00000 0.53384 0.00000 0.03180 -0.38048 0.00000 0.00000 0.00000 0.00000 0.00000 -0.10535 -1.39673 0.57802 -0.33403 -0.05178 0.15858 0.13391 -0.28958 1.39322 -0.28836 0.13789 0.00914 -0.15920 -0.00529 0.00000
0.12707 0.00000 0.05080 0.41805 0.00000 -0.00000 0.52168 0.00000 0.02801 -0.34758 0.00000 0.00000 0.00000 0.00000 0.00000 -0.09873 -1.39546 0.57697 -0.32638 -0.04985 0.15894 0.13077 -0.28760 1.39485 -0.28912 0.13859 0.00647 -0.15912 -0.00301 0.00000
0.12268 0.00000 0.04618 0.43490 0.00000 -0.00000 0.50994 0.00000 0.02185 -0.31837 0.00000 0.00000 0.00000 0.00000 0.00000 -0.09194 -1.39434 0.57588 -0.31842 -0.04796 0.15930 0.12774 -0.28563 1.39633 -0.28984 0.13954 0.00394 -0.15900 -0.00094 0.00000
0.11781 0.00000 0.04150 0.45247 0.00000 -0.00000 0.49865 0.00000 0.01378 -0.29250 0.00000 0.00000 0.00000 0.00000 0.00000 -0.08497 -1.39343 0.57472 -0.31011 -0.04616 0.15966 0.12484 -0.28370 1.39765 -0.29052 0.14073 0.00164 -0.15884 0.00085 0.00000
0.11241 0.00000 0.03680 0.47081 0.00000 -0.00000 0.48786 0.00000 0.00425 -0.26963 0.00000 0.00000 0.00000 0.00000 0.00000 -0.07781 -1.39278 0.57344 -0.30142 -0.04447 0.16002 0.12212 -0.28183 1.39880 -0.29113 0.14219 -0.00037 -0.15863 0.00230 0.00000
0.10641 0.00000 0.03209 0.48999 0.00000 -0.00000 0.47759 0.00000 -0.00629 -0.24944 0.00000 0.00000 0.00000 0.00000 0.00000 -0.07039 -1.39239 0.57209 -0.29217 -0.04294 0.16032 0.11964 -0.28005 1.39974 -0.29168 0.14392 -0.00202 -0.15837 0.00336 0.00000
0.09977 0.00000 0.02741 0.51007 0.00000 -0.00000 0.46789 0.00000 -0.01740 -0.23164 0.00000 0.00000 0.00000 0.00000 0.00000 -0.06263 -1.39221 0.57075 -0.28228 -0.04159 0.16054 0.11742 -0.27841 1.40048 -0.29217 0.14595 -0.00325 -0.15807 0.00395 0.00000
0.09244 0.00000 0.02277 0.53114 0.00000 -0.00000 0.45876 0.00000 -0.02863 -0.21598 0.00000 0.00000 0.00000 0.00000 0.00000 -0.05461 -1.39221 0.56941 -0.27188 -0.04038 0.16069 0.11538 -0.27690 1.40101 -0.29254 0.14837 -0.00399 -0.15776 0.00393 0.00000
0.08436 0.00000 0.01815 0.55326 0.00000 -0.00000 0.45025 0.00000 -0.03956 -0.20218 0.00000 0.00000 0.00000 0.00000 0.00000 -0.04636 -1.39233 0.56809 -0.26110 -0.03926 0.16082 0.11346 -0.27548 1.40138 -0.29277 0.15123 -0.00433 -0.15745 0.00326 0.00000
0.07547 0.00000 0.01357 0.57651 0.00000 -0.00000 0.44234 0.00000 -0.04973 -0.19004 0.00000 0.00000 0.00000 0.00000 0.00000 -0.03795 -1.39256 0.56679 -0.25003 -0.03819 0.16096 0.11162 -0.27416 1.40159 -0.29289 0.15448 -0.00433 -0.15716 0.00206 0.00000
0.06573 0.00000 0.00900 0.60098 0.00000 -0.00000 0.43508 0.00000 -0.05868 -0.17932 0.00000 0.00000 0.00000 0.00000 0.00000 -0.02942 -1.39284 0.56552 -0.23882 -0.03712 0.16114 0.10977 -0.27290 1.40165 -0.29293 0.15804 -0.00405 -0.15689 0.00044 0.00000
0.05507 0.00000 0.00438 0.62689 0.00000 -0.00000 0.42845 0.00000 -0.06598 -0.16983 0.00000 0.00000 0.00000 0.00000 0.00000 -0.02083 -1.39316 0.56428 -0.22757 -0.03600 0.16140 0.10786 -0.27170 1.40154 -0.29293 0.16186 -0.00357 -0.15664 -0.00145 0.00000
0.04351 0.00000 -0.00021 0.65429 0.00000 -0.00000 0.42246 0.00000 -0.07114 -0.16136 0.00000 0.00000 0.00000 0.00000 0.00000 -0.01223 -1.39345 0.56306 -0.21641 -0.03477 0.16178 0.10583 -0.27053 1.40128 -0.29291 0.16587 -0.00296 -0.15639 -0.00351 0.00000
0.03111 0.00000 -0.00456 0.68304 0.00000 -0.00000 0.41728 0.00000 -0.07425 -0.15476 0.00000 0.00000 0.00000 0.00000 0.00000 -0.00368 -1.39370 0.56188 -0.20547 -0.03340 0.16231 0.10362 -0.26937 1.40087 -0.29291 0.17002 -0.00227 -0.15614 -0.00561 0.00000
0.01794 0.00000 -0.00854 0.71296 0.00000 -0.00000 0.41300 0.00000 -0.07584 -0.15085 0.00000 0.00000 0.00000 0.00000 0.00000 0.00479 -1.39385 0.56074 -0.19485 -0.03182 0.16303 0.10118 -0.26821 1.40031 -0.29295 0.17423 -0.00159 -0.15590 -0.00762 0.00000
0.00406 0.00000 -0.01203 0.74389 0.00000 -0.00000 0.40946 0.00000 -0.07613 -0.14936 0.00000 0.00000 0.00000 0.00000 0.00000 0.01310 -1.39388 0.55963 -0.18469 -0.02999 0.16397 0.09844 -0.26703 1.39959 -0.29307 0.17846 -0.00096 -0.15563 -0.00943 0.00000
-0.01047 0.00000 -0.01499 0.77568 0.00000 -0.00000 0.40653 0.00000 -0.07532 -0.15003 0.00000 0.00000 0.00000 0.00000 0.00000 0.02122 -1.39372 0.55855 -0.17512 -0.02786 0.16517 0.09535 -0.26582 1.39873 -0.29329 0.18263 -0.00046 -0.15534 -0.01090 0.00000
-0.02556 0.00000 -0.01744 0.81684 0.00000 -0.00000 0.40408 0.00000 -0.07365 -0.15258 0.00000 0.00000 0.00000 0.00000 0.00000 0.02928 -1.39352 0.55756 -0.16582 -0.02529 0.16679 0.09188 -0.26454 1.39771 -0.29365 0.18669 -0.00014 -0.15501 -0.01192 0.00000
-0.04115 0.00000 -0.01946 0.85089 0.00000 -0.00000 0.40199 0.00000 -0.07136 -0.15672 0.00000 0.00000 0.00000 0.00000 0.00000 0.03742 -1.39338 0.55667 -0.15649 -0.02227 0.16889 0.08807 -0.26319 1.39655 -0.29419 0.19058 -0.00007 -0.15463 -0.01235 0.00000
-0.05716 0.00000 -0.02117 0.88514 0.00000 -0.00000 0.40013 0.00000 -0.06870 -0.16217 0.00000 0.00000 0.00000 0.00000 0.00000 0.04561 -1.39326 0.55586 -0.14723 -0.01888 0.17137 0.08400 -0.26184 1.39520 -0.29474 0.19449 -0.00018 -0.15414 -0.01221 0.00000
-0.07351 0.00000 -0.02275 0.91939 0.00000 -0.00000 0.39839 0.00000 -0.06595 -0.16862 0.00000 0.00000 0.00000 0.00000 0.00000 0.05380 -1.39310 0.55510 -0.13811 -0.01523 0.17414 0.07972 -0.26056 1.39366 -0.29517 0.19863 -0.00034 -0.15352 -0.01161 0.00000
-0.09012 0.00000 -0.02442 0.95341 0.00000 -0.00000 0.39667 0.00000 -0.06339 -0.17578 0.00000 0.00000 0.00000 0.00000 0.00000 0.06194 -1.39288 0.55435 -0.12924 -0.01140 0.17708 0.07529 -0.25932 1.39193 -0.29555 0.20292 -0.00057 -0.15279 -0.01064 0.00000
-0.10690 0.00000 -0.02646 0.98699 0.00000 -0.00000 0.39488 0.00000 -0.06134 -0.18336 0.00000 0.00000 0.00000 0.00000 0.00000 0.07001 -1.39253 0.55360 -0.12069 -0.00750 0.18010 0.07078 -0.25811 1.39003 -0.29595 0.20730 -0.00083 -0.15198 -0.00940 0.00000
-0.12432 0.00000 -0.02930 1.02081 0.00000 -0.00000 0.39289 0.00000 -0.06009 -0.19106 0.00000 0.00000 0.00000 0.00000 0.00000 0.07794 -1.39203 0.55280 -0.11256 -0.00362 0.18310 0.06624 -0.25690 1.38798 -0.29642 0.21168 -0.00113 -0.15112 -0.00795 0.00000
-0.14275 0.00000 -0.03321 1.05551 0.00000 -0.00000 0.39063 0.00000 -0.05999 -0.19858 0.00000 0.00000 0.00000 0.00000 0.00000 0.08572 -1.39131 0.55192 -0.10493 0.00015 0.18595 0.06171 -0.25565 1.38579 -0.29704 0.21602 -0.00146 -0.15023 -0.00638 0.00000
-0.16200 0.00000 -0.03818 1.09094 0.00000 -0.00000 0.38850 0.00000 -0.06088 -0.20697 0.00000 0.00000 0.00000 0.00000 0.00000 0.09328 -1.39036 0.55094 -0.09788 0.00369 0.18857 0.05724 -0.25435 1.38348 -0.29786 0.22022 -0.00183 -0.14934 -0.00478 0.00000
-0.18185 0.00000 -0.04416 1.12689 0.00000 -0.00000 0.38689 0.00000 -0.06237 -0.21723 0.00000 0.00000 0.00000 0.00000 0.00000 0.10059 -1.38911 0.54981 -0.09149 0.00690 0.19083 0.05289 -0.25297 1.38106 -0.29895 0.22423 -0.00221 -0.14849 -0.00322 0.00000
-0.20210 0.00000 -0.05102 1.16316 0.00000 -0.00000 0.38567 0.00000 -0.06436 -0.22896 0.00000 0.00000 0.00000 0.00000 0.00000 0.10761 -1.38754 0.54852 -0.08584 0.00970 0.19263 0.04869 -0.25147 1.37854 -0.30037 0.22798 -0.00262 -0.14770 -0.00179 0.00000
-0.42880 0.00000 -0.12865 1.57808 0.00000 -0.00000 0.38469 0.00000 -0.06675 -0.24175 0.00000 0.00000 0.00000 0.00000 0.00000 0.11429 -1.38561 0.54702 -0.08100 0.01196 0.19385 0.04468 -0.24982 1.37595 -0.30220 0.23140 -0.00304 -0.14702 -0.00055 0.00000
-0.44247 0.00000 -0.13078 1.60409 0.00000 -0.00000 0.38380 0.00000 -0.06947 -0.25522 0.00000 0.00000 0.00000 0.00000 0.00000 0.12065 -1.38319 0.54533 -0.07705 0.01371 0.19447 0.04068 -0.24799 1.37329 -0.30449 0.23442 -0.00349 -0.14647 0.00040 0.00000
-0.45586 0.00000 -0.13203 1.62927 0.00000 -0.00000 0.38285 0.00000 -0.07239 -0.26898 0.00000 0.00000 0.00000 0.00000 0.00000 0.12673 -1.38024 0.54347 -0.07394 0.01504 0.19461 0.03650 -0.24594 1.37058 -0.30731 0.23698 -0.00397 -0.14610 0.00099 0.00000
-0.46904 0.00000 -0.13227 1.65361 0.00000 -0.00000 0.38170 0.00000 -0.07544 -0.28263 0.00000 0.00000 0.00000 0.00000 0.00000 0.13256 -1.37687 0.54147 -0.07158 0.01604 0.19435 0.03221 -0.24365 1.36774 -0.31063 0.23910 -0.00444 -0.14590 0.00126 0.00000
-0.48206 0.00000 -0.13143 1.67710 0.00000 -0.00000 0.38017 0.00000 -0.07853 -0.29577 0.00000 0.00000 0.00000 0.00000 0.00000 0.13815 -1.37317 0.53933 -0.06986 0.01674 0.19375 0.02785 -0.24113 1.36469 -0.31438 0.24089 -0.00488 -0.14583 0.00132 0.00000
-0.49498 0.00000 -0.12939 1.69972 0.00000 -0.00000 0.37813 0.00000 -0.08155 -0.30803 0.00000 0.00000 0.00000 0.00000 0.00000 0.14354 -1.36923 0.53705 -0.06869 0.01721 0.19289 0.02351 -0.23840 1.36146 -0.31851 0.24238 -0.00532 -0.14589 0.00121 0.00000
-0.50786 0.00000 -0.12607 1.72145 0.00000 -0.00000 0.37542 0.00000 -0.08443 -0.31901 0.00000 0.00000 0.00000 0.00000 0.00000 0.14873 -1.36516 0.53467 -0.06798 0.01749 0.19185 0.01924 -0.23550 1.35810 -0.32300 0.24359 -0.00578 -0.14605 0.00096 0.00000
-0.52061 0.00000 -0.12082 1.74244 0.00000 -0.00000 0.37187 0.00000 -0.08707 -0.32831 0.00000 0.00000 0.00000 0.00000 0.00000 0.15376 -1.36105 0.53218 -0.06762 0.01764 0.19069 0.01512 -0.23246 1.35465 -0.32784 0.24457 -0.00628 -0.14631 0.00061 0.00000
-0.53315 0.00000 -0.11334 1.76280 0.00000 -0.00000 0.36733 0.00000 -0.08939 -0.33554 0.00000 0.00000 0.00000 0.00000 0.00000 0.15865 -1.35701 0.52961 -0.06753 0.01772 0.18950 0.01121 -0.22931 1.35115 -0.33300 0.24533 -0.00684 -0.14665 0.00019 0.00000
-0.54546 0.00000 -0.10404 1.78244 0.00000 -0.00000 0.36177 0.00000 -0.09156 -0.34091 0.00000 0.00000 0.00000 0.00000 0.00000 0.16340 -1.35312 0.52697 -0.06761 0.01776 0.18835 0.00759 -0.22609 1.34764 -0.33845 0.24592 -0.00748 -0.14705 -0.00027 0.00000
-0.55756 0.00000 -0.09336 1.80131 0.00000 -0.00000 0.35533 0.00000 -0.09378 -0.34498 0.00000 0.00000 0.00000 0.00000 0.00000 0.16806 -1.34949 0.52429 -0.06776 0.01784 0.18731 0.00432 -0.22282 1.34415 -0.34417 0.24635 -0.00822 -0.14751 -0.00072 0.00000
-0.56945 0.00000 -0.08170 1.81933 0.00000 -0.00000 0.34814 0.00000 -0.09602 -0.34790 0.00000 0.00000 0.00000 0.00000 0.00000 0.17264 -1.34621 0.52158 -0.06790 0.01800 0.18645 0.00148 -0.21953 1.34074 -0.35013 0.24664 -0.00909 -0.14800 -0.00114 0.00000
-0.58113 0.00000 -0.06951 1.83642 0.00000 -0.00000 0.34029 0.00000 -0.09825 -0.34980 0.00000 0.00000 0.00000 0.00000 0.00000 0.17717 -1.34339 0.51887 -0.06794 0.01829 0.18585 -0.00086 -0.21625 1.33743 -0.35629 0.24682 -0.01010 -0.14850 -0.00150 0.00000
-0.59261 0.00000 -0.05719 1.85253 0.00000 -0.00000 0.33193 0.00000 -0.10043 -0.35081 0.00000 0.00000 0.00000 0.00000 0.00000 0.18160 -1.34094 0.51633 -0.06799 0.01871 0.18543 -0.00275 -0.21303 1.33428 -0.36265 0.24690 -0.01127 -0.14900 -0.00176 0.00000
-0.60389 0.00000 -0.04517 1.86758 0.00000 -0.00000 0.32314 0.00000 -0.10254 -0.35109 0.00000 0.00000 0.00000 0.00000 0.00000 0.18585 -1.33872 0.51406 -0.06822 0.01917 0.18505 -0.00429 -0.20988 1.33132 -0.36916 0.24690 -0.01262 -0.14946 -0.00190 0.00000
-0.61496 0.00000 -0.03388 1.88152 0.00000 -0.00000 0.31406 0.00000 -0.10455 -0.35077 0.00000 0.00000 0.00000 0.00000 0.00000 0.18997 -1.33670 0.51196 -0.06864 0.01966 0.18471 -0.00549 -0.20673 1.32854 -0.37598 0.24665 -0.01420 -0.14991 -0.00198 0.00000
-0.62585 0.00000 -0.02371 1.89428 0.00000 -0.00000 0.30479 0.00000 -0.10642 -0.34998 0.00000 0.00000 0.00000 0.00000 0.00000 0.19395 -1.33486 0.50992 -0.06924 0.02013 0.18439 -0.00640 -0.20349 1.32589 -0.38324 0.24602 -0.01602 -0.15037 -0.00206 0.00000
-0.63654 0.00000 -0.01510 1.90582 0.00000 -0.00000 0.29545 0.00000 -0.10812 -0.34887 0.00000 0.00000 0.00000 0.00000 0.00000 0.19781 -1.33319 0.50785 -0.07003 0.02055 0.18410 -0.00700 -0.20017 1.32336 -0.39086 0.24506 -0.01804 -0.15085 -0.00214 0.00000
-0.64705 0.00000 -0.00844 1.91606 0.00000 -0.00000 0.28613 0.00000 -0.10963 -0.34757 0.00000 0.00000 0.00000 0.00000 0.00000 0.20156 -1.33165 0.50564 -0.07100 0.02089 0.18383 -0.00734 -0.19680 1.32093 -0.39879 0.24386 -0.02022 -0.15135 -0.00219 0.00000
-0.65747 0.00000 -0.00346 1.92515 0.00000 -0.00000 0.27697 0.00000 -0.11091 -0.34623 0.00000 0.00000 0.00000 0.00000 0.00000 0.20523 -1.33024 0.50319 -0.07215 0.02110 0.18357 -0.00742 -0.19338 1.31859 -0.40696 0.24249 -0.02252 -0.15186 -0.00221 0.00000
-0.66786 0.00000 0.00046 1.93326 0.00000 -0.00000 0.26806 0.00000 -0.11194 -0.34498 0.00000 0.00000 0.00000 0.00000 0.00000 0.20881 -1.32893 0.50038 -0.07347 0.02117 0.18332 -0.00727 -0.18994 1.31631 -0.41530 0.24103 -0.02491 -0.15238 -0.00218 0.00000
-0.67816 0.00000 0.00348 1.94036 0.00000 -0.00000 0.25921 0.00000 -0.11268 -0.34354 0.00000 0.00000 0.00000 0.00000 0.00000 0.21233 -1.32771 0.49713 -0.07498 0.02105 0.18308 -0.00690 -0.18650 1.31408 -0.42375 0.23955 -0.02734 -0.15292 -0.00208 0.00000
-0.68832 0.00000 0.00574 1.94641 0.00000 -0.00000 0.25018 0.00000 -0.11317 -0.34156 0.00000 0.00000 0.00000 0.00000 0.00000 0.21581 -1.32656 0.49331 -0.07665 0.02072 0.18283 -0.00634 -0.18308 1.31187 -0.43224 0.23813 -0.02979 -0.15347 -0.00190 0.00000
-0.69828 0.00000 0.00737 1.95138 0.00000 -0.00000 0.24099 0.00000 -0.11341 -0.33912 0.00000 0.00000 0.00000 0.00000 0.00000 0.21926 -1.32547 0.48883 -0.07850 0.02014 0.18257 -0.00561 -0.17971 1.30966 -0.44071 0.23685 -0.03219 -0.15402 -0.00162 0.00000
-0.70800 0.00000 0.00853 1.95524 0.00000 -0.00000 0.23168 0.00000 -0.11346 -0.33629 0.00000 0.00000 0.00000 0.00000 0.00000 0.22269 -1.32442 0.48357 -0.08052 0.01928 0.18230 -0.00472 -0.17640 1.30744 -0.44909 0.23578 -0.03453 -0.15459 -0.00123 0.00000
-0.71741 0.00000 0.00935 1.95796 0.00000 -0.00000 0.22229 0.00000 -0.11335 -0.33313 0.00000 0.00000 0.00000 0.00000 0.00000 0.22607 -1.32345 0.47741 -0.08278 0.01812 0.18203 -0.00355 -0.17318 1.30519 -0.45732 0.23502 -0.03676 -0.15515 -0.00072 0.00000
-0.72646 0.00000 0.00996 1.95949 0.00000 -0.00000 0.21286 0.00000 -0.11311 -0.32971 0.00000 0.00000 0.00000 0.00000 0.00000 0.22936 -1.32260 0.47037 -0.08533 0.01668 0.18177 -0.00201 -0.17008 1.30287 -0.46533 0.23464 -0.03883 -0.15571 -0.00006 0.00000
-0.73510 0.00000 0.01049 1.95980 0.00000 -0.00000 0.20342 0.00000 -0.11278 -0.32611 0.00000 0.00000 0.00000 0.00000 0.00000 0.23258 -1.32187 0.46259 -0.08814 0.01499 0.18150 -0.00015 -0.16710 1.30055 -0.47327 0.23454 -0.04083 -0.15624 0.00074 0.00000
-0.74327 0.00000 0.01107 1.95887 0.00000 -0.00000 0.19402 0.00000 -0.11239 -0.32240 0.00000 0.00000 0.00000 0.00000 0.00000 0.23573 -1.32125 0.45422 -0.09116 0.01308 0.18121 0.00198 -0.16421 1.29826 -0.48130 0.23460 -0.04282 -0.15675 0.00165 0.00000
-0.75091 0.00000 0.01181 1.95664 0.00000 -0.00000 0.18468 0.00000 -0.11198 -0.31865 0.00000 0.00000 0.00000 0.00000 0.00000 0.23882 -1.32075 0.44540 -0.09435 0.01099 0.18088 0.00431 -0.16141 1.29600 -0.48938 0.23480 -0.04480 -0.15723 0.00267 0.00000
-0.75797 0.00000 0.01282 1.95309 0.00000 -0.00000 0.17545 0.00000 -0.11158 -0.31493 0.00000 0.00000 0.00000 0.00000 0.00000 0.24187 -1.32035 0.43627 -0.09767 0.00876 0.18051 0.00680 -0.15867 1.29376 -0.49748 0.23514 -0.04675 -0.15769 0.00380 0.00000
-0.76451 0.00000 0.01395 1.94822 0.00000 -0.00000 0.16635 0.00000 -0.11122 -0.31131 0.00000 0.00000 0.00000 0.00000 0.00000 0.24488 -1.32005 0.42697 -0.10109 0.00642 0.18008 0.00939 -0.15599 1.29152 -0.50555 0.23561 -0.04867 -0.15812 0.00502 0.00000
-0.77062 0.00000 0.01499 1.94208 0.00000 -0.00000 0.15744 0.00000 -0.11095 -0.30787 0.00000 0.00000 0.00000 0.00000 0.00000 0.24787 -1.31985 0.41766 -0.10455 0.00399 0.17958 0.01203 -0.15333 1.28928 -0.51356 0.23622 -0.05054 -0.15855 0.00634 0.00000
-0.77630 0.00000 0.01597 1.93467 0.00000 -0.00000 0.14861 0.00000 -0.11069 -0.30438 0.00000 0.00000 0.00000 0.00000 0.00000 0.25084 -1.31974 0.40846 -0.10803 0.00152 0.17902 0.01465 -0.15069 1.28701 -0.52148 0.23697 -0.05236 -0.15897 0.00774 0.00000
-0.78156 0.00000 0.01688 1.92603 0.00000 -0.00000 0.13979 0.00000 -0.11036 -0.30063 0.00000 0.00000 0.00000 0.00000 0.00000 0.25381 -1.31971 0.39953 -0.11147 -0.00097 0.17838 0.01720 -0.14805 1.28471 -0.52926 0.23784 -0.05412 -0.15939 0.00922 0.00000
-0.78640 0.00000 0.01776 1.91618 0.00000 -0.00000 0.13100 0.00000 -0.10998 -0.29669 0.00000 0.00000 0.00000 0.00000 0.00000 0.25677 -1.31977 0.39101 -0.11485 -0.00343 0.17768 0.01963 -0.14540 1.28235 -0.53687 0.23885 -0.05580 -0.15982 0.01078 0.00000
-0.79082 0.00000 0.01860 1.90514 0.00000 -0.00000 0.12225 0.00000 -0.10956 -0.29263 0.00000 0.00000 0.00000 0.00000 0.00000 0.25976 -1.31989 0.38304 -0.11813 -0.00584 0.17691 0.02189 -0.14273 1.27994 -0.54427 0.23998 -0.05740 -0.16025 0.01241 0.00000
-0.79484 0.00000 0.01939 1.89293 0.00000 -0.00000 0.11359 0.00000 -0.10912 -0.28851 0.00000 0.00000 0.00000 0.00000 0.00000 0.26278 -1.32007 0.37533 -0.12148 -0.00835 0.17603 0.02409 -0.14002 1.27745 -0.55142 0.24126 -0.05891 -0.16072 0.01410 0.00000
-0.79845 0.00000 0.02016 1.87958 0.00000 -0.00000 0.10502 0.00000 -0.10868 -0.28441 0.00000 0.00000 0.00000 0.00000 0.00000 0.26585 -1.32031 0.36758 -0.12505 -0.01107 0.17502 0.02638 -0.13727 1.27486 -0.55828 0.24268 -0.06031 -0.16122 0.01585 0.00000
-0.80166 0.00000 0.02089 1.86510 0.00000 -0.00000 0.09657 0.00000 -0.10826 -0.28039 0.00000 0.00000 0.00000 0.00000 0.00000 0.26895 -1.32062 0.35983 -0.12877 -0.01396 0.17391 0.02873 -0.13454 1.27204 -0.56487 0.24449 -0.06154 -0.16172 0.01770 0.00000
-0.80448 0.00000 0.02157 1.84953 0.00000 -0.00000 0.08827 0.00000 -0.10786 -0.27652 0.00000 0.00000 0.00000 0.00000 0.00000 0.27205 -1.32101 0.35214 -0.13257 -0.01695 0.17270 0.03110 -0.13192 1.26891 -0.57124 0.24684 -0.06258 -0.16220 0.01968 0.00000
-0.80690 0.00000 0.02220 1.83287 0.00000 -0.00000 0.08014 0.00000 -0.10750 -0.27289 0.00000 0.00000 0.00000 0.00000 0.00000 0.27513 -1.32149 0.34458 -0.13639 -0.01998 0.17144 0.03344 -0.12938 1.26556 -0.57739 0.24961 -0.06346 -0.16267 0.02177 0.00000
-0.80893 0.00000 0.02278 1.81516 0.00000 -0.00000 0.07219 0.00000 -0.10720 -0.26957 0.00000 0.00000 0.00000 0.00000 0.00000 0.27815 -1.32207 0.33720 -0.14014 -0.02299 0.17015 0.03574 -0.12688 1.26206 -0.58336 0.25267 -0.06422 -0.16314 0.02395 0.00000
-0.81063 0.00000 0.02330 1.79639 0.00000 -0.00000 0.06446 0.00000 -0.10697 -0.26662 0.00000 0.00000 0.00000 0.00000 0.00000 0.28111 -1.32276 0.33008 -0.14378 -0.02592 0.16886 0.03795 -0.12439 1.25851 -0.58916 0.25587 -0.06490 -0.16360 0.02620 0.00000
-0.81200 0.00000 0.02377 1.77654 0.00000 -0.00000 0.05697 0.00000 -0.10681 -0.26415 0.00000 0.00000 0.00000 0.00000 0.00000 0.28397 -1.32357 0.32326 -0.14722 -0.02871 0.16758 0.04004 -0.12189 1.25499 -0.59481 0.25910 -0.06554 -0.16408 0.02851 0.00000
-0.81304 0.00000 0.02415 1.75560 0.00000 -0.00000 0.04969 0.00000 -0.10674 -0.26208 0.00000 0.00000 0.00000 0.00000 0.00000 0.28670 -1.32449 0.31682 -0.15040 -0.03131 0.16637 0.04198 -0.11933 1.25159 -0.60032 0.26222 -0.06619 -0.16458 0.03087 0.00000
-0.81370 0.00000 0.02445 1.73356 0.00000 -0.00000 0.04259 0.00000 -0.10673 -0.26032 0.00000 0.00000 0.00000 0.00000 0.00000 0.28929 -1.32555 0.31081 -0.15325 -0.03366 0.16525 0.04374 -0.11668 1.24838 -0.60571 0.26510 -0.06689 -0.16512 0.03326 0.00000
-0.81396 0.00000 0.02464 1.71043 0.00000 -0.00000 0.03567 0.00000 -0.10678 -0.25884 0.00000 0.00000 0.00000 0.00000 0.00000 0.29170 -1.32674 0.30529 -0.15571 -0.03569 0.16425 0.04528 -0.11392 1.24547 -0.61101 0.26759 -0.06768 -0.16568 0.03566 0.00000
-0.81378 0.00000 0.02470 1.68619 0.00000 -0.00000 0.02893 0.00000 -0.10687 -0.25762 0.00000 0.00000 0.00000 0.00000 0.00000 0.29392 -1.32807 0.30034 -0.15770 -0.03737 0.16340 0.04658 -0.11100 1.24293 -0.61621 0.26957 -0.06860 -0.16630 0.03806 0.00000
-0.81314 0.00000 0.02464 1.66083 0.00000 -0.00000 0.02235 0.00000 -0.10700 -0.25664 0.00000 0.00000 0.00000 0.00000 0.00000 0.29598 -1.32955 0.29590 -0.15927 -0.03873 0.16272 0.04771 -0.10788 1.24084 -0.62136 0.27092 -0.06970 -0.16697 0.04045 0.00000
-0.81201 0.00000 0.02447 1.63436 0.00000 -0.00000 0.01593 0.00000 -0.10715 -0.25589 0.00000 0.00000 0.00000 0.00000 0.00000 0.29794 -1.33120 0.29189 -0.16052 -0.03988 0.16215 0.04879 -0.10453 1.23929 -0.62644 0.27148 -0.07102 -0.16770 0.04282 0.00000
-0.81036 0.00000 0.02419 1.60677 0.00000 -0.00000 0.00967 0.00000 -0.10732 -0.25535 0.00000 0.00000 0.00000 0.00000 0.00000 0.29979 -1.33300 0.28830 -0.16147 -0.04083 0.16170 0.04977 -0.10094 1.23823 -0.63141 0.27122 -0.07258 -0.16850 0.04522 0.00000
-0.80816 0.00000 0.02380 1.57807 0.00000 -0.00000 0.00356 0.00000 -0.10750 -0.25499 0.00000 0.00000 0.00000 0.00000 0.00000 0.30152 -1.33491 0.28510 -0.16214 -0.04158 0.16134 0.05064 -0.09713 1.23751 -0.63621 0.27025 -0.07435 -0.16938 0.04772 0.00000
-0.80537 0.00000 0.02333 1.54824 0.00000 -0.00000 -0.00241 0.00000 -0.10766 -0.25481 0.00000 0.00000 0.00000 0.00000 0.00000 0.30312 -1.33693 0.28228 -0.16256 -0.04215 0.16107 0.05137 -0.09313 1.23712 -0.64084 0.26868 -0.07629 -0.17031 0.05029 0.00000
-0.80198 0.00000 0.02280 1.51730 0.00000 -0.00000 -0.00824 0.00000 -0.10782 -0.25477 0.00000 0.00000 0.00000 0.00000 0.00000 0.30457 -1.33905 0.27981 -0.16274 -0.04254 0.16087 0.05194 -0.08898 1.23703 -0.64534 0.26664 -0.07836 -0.17128 0.05292 0.00000
-0.79813 0.00000 0.02229 1.48529 0.00000 -0.00000 -0.01393 0.00000 -0.10795 -0.25487 0.00000 0.00000 0.00000 0.00000 0.00000 0.30586 -1.34123 0.27767 -0.16271 -0.04276 0.16073 0.05231 -0.08469 1.23721 -0.64972 0.26424 -0.08054 -0.17227 0.05559 0.00000
-0.79394 0.00000 0.02186 1.45227 0.00000 -0.00000 -0.01949 0.00000 -0.10804 -0.25508 0.00000 0.00000 0.00000 0.00000 0.00000 0.30699 -1.34347 0.27584 -0.16249 -0.04283 0.16064 0.05248 -0.08029 1.23764 -0.65400 0.26160 -0.08278 -0.17326 0.05826 0.00000
-0.78936 0.00000 0.02151 1.41828 0.00000 -0.00000 -0.02491 0.00000 -0.10814 -0.25551 0.00000 0.00000 0.00000 0.00000 0.00000 0.30795 -1.34575 0.27430 -0.16211 -0.04274 0.16058 0.05241 -0.07581 1.23828 -0.65819 0.25882 -0.08505 -0.17426 0.06093 0.00000
-0.78431 0.00000 0.02124 1.38334 0.00000 -0.00000 -0.03017 0.00000 -0.10827 -0.25624 0.00000 0.00000 0.00000 0.00000 0.00000 0.30871 -1.34804 0.27303 -0.16157 -0.04251 0.16054 0.05208 -0.07129 1.23912 -0.66234 0.25602 -0.08731 -0.17524 0.06356 0.00000
-0.77874 0.00000 0.02102 1.34746 0.00000 -0.00000 -0.03528 0.00000 -0.10843 -0.25723 0.00000 0.00000 0.00000 0.00000 0.00000 0.30928 -1.35033 0.27201 -0.16092 -0.04214 0.16049 0.05146 -0.06674 1.24013 -0.66643 0.25331 -0.08952 -0.17619 0.06614 0.00000
-0.77258 0.00000 0.02082 1.31064 0.00000 -0.00000 -0.04023 0.00000 -0.10860 -0.25845 0.00000 0.00000 0.00000 0.00000 0.00000 0.30964 -1.35261 0.27121 -0.16016 -0.04165 0.16042 0.05052 -0.06219 1.24129 -0.67052 0.25079 -0.09165 -0.17710 0.06864 0.00000
-0.76578 0.00000 0.02059 1.27289 0.00000 -0.00000 -0.04504 0.00000 -0.10876 -0.25983 0.00000 0.00000 0.00000 0.00000 0.00000 0.30977 -1.35493 0.27080 -0.15909 -0.04099 0.16035 0.04917 -0.05767 1.24258 -0.67460 0.24858 -0.09365 -0.17797 0.07103 0.00000
-0.75826 0.00000 0.02028 1.23416 0.00000 -0.00000 -0.04971 0.00000 -0.10890 -0.26134 0.00000 0.00000 0.00000 0.00000 0.00000 0.30964 -1.35734 0.27091 -0.15757 -0.04012 0.16029 0.04737 -0.05321 1.24396 -0.67871 0.24678 -0.09548 -0.17880 0.07330 0.00000
-0.74998 0.00000 0.01981 1.19442 0.00000 -0.00000 -0.05424 0.00000 -0.10902 -0.26293 0.00000 0.00000 0.00000 0.00000 0.00000 0.30929 -1.35984 0.27144 -0.15568 -0.03907 0.16024 0.04519 -0.04877 1.24554 -0.68282 0.24514 -0.09725 -0.17965 0.07551 0.00000
-0.74088 0.00000 0.01910 1.15363 0.00000 -0.00000 -0.05862 0.00000 -0.10907 -0.26456 0.00000 0.00000 0.00000 0.00000 0.00000 0.30874 -1.36238 0.27233 -0.15352 -0.03784 0.16018 0.04270 -0.04428 1.24739 -0.68689 0.24340 -0.09907 -0.18058 0.07776 0.00000
-0.73091 0.00000 0.01806 1.11169 0.00000 -0.00000 -0.06288 0.00000 -0.10907 -0.26619 0.00000 0.00000 0.00000 0.00000 0.00000 0.30801 -1.36495 0.27351 -0.15119 -0.03647 0.16012 0.03997 -0.03976 1.24949 -0.69092 0.24160 -0.10089 -0.18156 0.08001 0.00000
-0.72003 0.00000 0.01658 1.06852 0.00000 -0.00000 -0.06701 0.00000 -0.10899 -0.26775 0.00000 0.00000 0.00000 0.00000 0.00000 0.30713 -1.36752 0.27489 -0.14877 -0.03496 0.16004 0.03707 -0.03519 1.25180 -0.69491 0.23982 -0.10270 -0.18256 0.08224 0.00000
-0.70773 0.00000 0.01399 1.02249 0.00000 -0.00000 -0.07101 0.00000 -0.10882 -0.26922 0.00000 0.00000 0.00000 0.00000 0.00000 0.30612 -1.37008 0.27639 -0.14638 -0.03334 0.15995 0.03408 -0.03060 1.25428 -0.69885 0.23810 -0.10446 -0.18356 0.08441 0.00000
-0.69380 0.00000 0.00992 0.97266 0.00000 -0.00000 -0.07490 0.00000 -0.10854 -0.27054 0.00000 0.00000 0.00000 0.00000 0.00000 0.30500 -1.37259 0.27795 -0.14410 -0.03163 0.15984 0.03106 -0.02598 1.25690 -0.70273 0.23650 -0.10613 -0.18453 0.08650 0.00000
-0.67856 0.00000 0.00475 0.92001 0.00000 -0.00000 -0.07867 0.00000 -0.10815 -0.27181 0.00000 0.00000 0.00000 0.00000 0.00000 0.30379 -1.37503 0.27949 -0.14203 -0.02984 0.15972 0.02809 -0.02134 1.25960 -0.70655 0.23510 -0.10770 -0.18544 0.08847 0.00000
-0.66232 0.00000 -0.00118 0.86547 0.00000 -0.00000 -0.08231 0.00000 -0.10766 -0.27313 0.00000 0.00000 0.00000 0.00000 0.00000 0.30253 -1.37738 0.28094 -0.14026 -0.02801 0.15960 0.02524 -0.01668 1.26238 -0.71031 0.23394 -0.10911 -0.18628 0.09028 0.00000
-0.64541 0.00000 -0.00749 0.73247 0.00000 -0.00000 -0.08582 0.00000 -0.10708 -0.27448 0.00000 0.00000 0.00000 0.00000 0.00000 0.30123 -1.37962 0.28221 -0.13890 -0.02614 0.15948 0.02258 -0.01201 1.26517 -0.71401 0.23308 -0.11035 -0.18702 0.09192 0.00000
-0.62813 0.00000 -0.01383 0.67501 0.00000 -0.00000 -0.08921 0.00000 -0.10642 -0.27583 0.00000 0.00000 0.00000 0.00000 0.00000 0.29993 -1.38172 0.28324 -0.13803 -0.02426 0.15937 0.02018 -0.00734 1.26796 -0.71765 0.23258 -0.11138 -0.18764 0.09333 0.00000
-0.61081 0.00000 -0.01983 0.61827 0.00000 -0.00000 -0.09247 0.00000 -0.10570 -0.27719 0.00000 0.00000 0.00000 0.00000 0.00000 0.29853 -1.38374 0.28412 -0.13754 -0.02221 0.15930 0.01784 -0.00267 1.27069 -0.72121 0.23251 -0.11216 -0.18813 0.09447 0.00000
-0.59374 0.00000 -0.02511 0.56325 0.00000 -0.00000 -0.09560 0.00000 -0.10493 -0.27851 0.00000 0.00000 0.00000 0.00000 0.00000 0.29696 -1.38574 0.28500 -0.13722 -0.01988 0.15927 0.01537 0.00200 1.27334 -0.72471 0.23292 -0.11267 -0.18845 0.09533 0.00000
-0.57722 0.00000 -0.02931 0.51096 0.00000 -0.00000 -0.09860 0.00000 -0.10413 -0.27979 0.00000 0.00000 0.00000 0.00000 0.00000 0.29525 -1.38772 0.28587 -0.13709 -0.01733 0.15926 0.01282 0.00668 1.27594 -0.72819 0.23381 -0.11288 -0.18863 0.09585 0.00000
-0.56153 0.00000 -0.03207 0.46239 0.00000 -0.00000 -0.10146 0.00000 -0.10330 -0.28100 0.00000 0.00000 0.00000 0.00000 0.00000 0.29344 -1.38964 0.28673 -0.13715 -0.01465 0.15926 0.01025 0.01139 1.27855 -0.73168 0.23513 -0.11278 -0.18871 0.09603 0.00000
-0.54698 0.00000 -0.03302 0.41856 0.00000 -0.00000 -0.10420 0.00000 -0.10246 -0.28212 0.00000 0.00000 0.00000 0.00000 0.00000 0.29153 -1.39148 0.28756 -0.13741 -0.01189 0.15924 0.00772 0.01612 1.28117 -0.73515 0.23683 -0.11243 -0.18869 0.09593 0.00000
-0.53384 0.00000 -0.03180 0.38048 0.00000 -0.00000 -0.10679 0.00000 -0.10163 -0.28314 0.00000 0.00000 0.00000 0.00000 0.00000 0.28958 -1.39322 0.28836 -0.13789 -0.00914 0.15920 0.00529 0.02087 1.28380 -0.73859 0.23886 -0.11187 -0.18861 0.09558 0.00000
-0.52168 0.00000 -0.02801 0.34758 0.00000 -0.00000 -0.10926 0.00000 -0.10081 -0.28403 0.00000 0.00000 0.00000 0.00000 0.00000 0.28760 -1.39485 0.28912 -0.13859 -0.00647 0.15912 0.00301 0.02562 1.28647 -0.74196 0.24117 -0.11113 -0.18848 0.09500 0.00000
-0.50994 0.00000 -0.02185 0.31837 0.00000 -0.00000 -0.11158 0.00000 -0.10002 -0.28479 0.00000 0.00000 0.00000 0.00000 0.00000 0.28563 -1.39633 0.28984 -0.13954 -0.00394 0.15900 0.00094 0.03039 1.28915 -0.74525 0.24373 -0.11026 -0.18832 0.09425 0.00000
-0.49865 0.00000 -0.01378 0.29250 0.00000 -0.00000 -0.11374 0.00000 -0.09923 -0.28541 0.00000 0.00000 0.00000 0.00000 0.00000 0.28370 -1.39765 0.29052 -0.14073 -0.00164 0.15884 -0.00085 0.03515 1.29186 -0.74843 0.24649 -0.10930 -0.18814 0.09336 0.00000
-0.48786 0.00000 -0.00425 0.26963 0.00000 -0.00000 -0.11573 0.00000 -0.09841 -0.28596 0.00000 0.00000 0.00000 0.00000 0.00000 0.28183 -1.39880 0.29113 -0.14219 0.00037 0.15863 -0.00230 0.03991 1.29461 -0.75148 0.24940 -0.10829 -0.18797 0.09238 0.00000
-0.47759 0.00000 0.00629 0.24944 0.00000 -0.00000 -0.11756 0.00000 -0.09756 -0.28641 0.00000 0.00000 0.00000 0.00000 0.00000 0.28005 -1.39974 0.29168 -0.14392 0.00202 0.15837 -0.00336 0.04465 1.29738 -0.75438 0.25241 -0.10727 -0.18782 0.09133 0.00000
-0.46789 0.00000 0.01740 0.23164 0.00000 -0.00000 -0.11925 0.00000 -0.09669 -0.28678 0.00000 0.00000 0.00000 0.00000 0.00000 0.27841 -1.40048 0.29217 -0.14595 0.00325 0.15807 -0.00395 0.04938 1.30019 -0.75710 0.25549 -0.10627 -0.18769 0.09027 0.00000
-0.45876 0.00000 0.02863 0.21598 0.00000 -0.00000 -0.12080 0.00000 -0.09581 -0.28707 0.00000 0.00000 0.00000 0.00000 0.00000 0.27690 -1.40101 0.29254 -0.14837 0.00399 0.15776 -0.00393 0.05409 1.30304 -0.75962 0.25859 -0.10535 -0.18760 0.08925 0.00000
-0.45025 0.00000 0.03956 0.20218 0.00000 -0.00000 -0.12223 0.00000 -0.09494 -0.28728 0.00000 0.00000 0.00000 0.00000 0.00000 0.27548 -1.40138 0.29277 -0.15123 0.00433 0.15745 -0.00326 0.05878 1.30593 -0.76191 0.26166 -0.10453 -0.18757 0.08829 0.00000
-0.44234 0.00000 0.04973 0.19004 0.00000 -0.00000 -0.12355 0.00000 -0.09408 -0.28740 0.00000 0.00000 0.00000 0.00000 0.00000 0.27416 -1.40159 0.29289 -0.15448 0.00433 0.15716 -0.00206 0.06348 1.30890 -0.76400 0.26471 -0.10376 -0.18760 0.08731 0.00000
-0.43508 0.00000 0.05868 0.17932 0.00000 -0.00000 -0.12477 0.00000 -0.09324 -0.28743 0.00000 0.00000 0.00000 0.00000 0.00000 0.27290 -1.40165 0.29293 -0.15804 0.00405 0.15689 -0.00044 0.06822 1.31198 -0.76594 0.26780 -0.10299 -0.18771 0.08623 0.00000
-0.42845 0.00000 0.06598 0.16983 0.00000 -0.00000 -0.12590 0.00000 -0.09242 -0.28739 0.00000 0.00000 0.00000 0.00000 0.00000 0.27170 -1.40154 0.29293 -0.16186 0.00357 0.15664 0.00145 0.07298 1.31514 -0.76770 0.27094 -0.10221 -0.18786 0.08505 0.00000
-0.42246 0.00000 0.07114 0.16136 0.00000 -0.00000 -0.12697 0.00000 -0.09165 -0.28726 0.00000 0.00000 0.00000 0.00000 0.00000 0.27053 -1.40128 0.29291 -0.16587 0.00296 0.15639 0.00351 0.07777 1.31835 -0.76931 0.27416 -0.10143 -0.18804 0.08379 0.00000
-0.41728 0.00000 0.07425 0.15476 0.00000 -0.00000 -0.12797 0.00000 -0.09092 -0.28706 0.00000 0.00000 0.00000 0.00000 0.00000 0.26937 -1.40087 0.29291 -0.17002 0.00227 0.15614 0.00561 0.08254 1.32159 -0.77076 0.27748 -0.10065 -0.18825 0.08249 0.00000
-0.41300 0.00000 0.07584 0.15085 0.00000 -0.00000 -0.12892 0.00000 -0.09025 -0.28676 0.00000 0.00000 0.00000 0.00000 0.00000 0.26821 -1.40031 0.29295 -0.17423 0.00159 0.15590 0.00762 0.08730 1.32481 -0.77207 0.28091 -0.09986 -0.18846 0.08115 0.00000
-0.40946 0.00000 0.07613 0.14936 0.00000 -0.00000 -0.12979 0.00000 -0.08965 -0.28624 0.00000 0.00000 0.00000 0.00000 0.00000 0.26703 -1.39959 0.29307 -0.17846 0.00096 0.15563 0.00943 0.09203 1.32800 -0.77323 0.28448 -0.09907 -0.18865 0.07980 0.00000
-0.40653 0.00000 0.07532 0.15003 0.00000 -0.00000 -0.13054 0.00000 -0.08912 -0.28539 0.00000 0.00000 0.00000 0.00000 0.00000 0.26582 -1.39873 0.29329 -0.18263 0.00046 0.15534 0.01090 0.09672 1.33112 -0.77425 0.28822 -0.09828 -0.18880 0.07846 0.00000
-0.40408 0.00000 0.07365 0.15258 0.00000 -0.00000 -0.13118 0.00000 -0.08864 -0.28429 0.00000 0.00000 0.00000 0.00000 0.00000 0.26454 -1.39771 0.29365 -0.18669 0.00014 0.15501 0.01192 0.10134 1.33416 -0.77514 0.29215 -0.09748 -0.18890 0.07714 0.00000
-0.40199 0.00000 0.07136 0.15672 0.00000 -0.00000 -0.13172 0.00000 -0.08820 -0.28303 0.00000 0.00000 0.00000 0.00000 0.00000 0.26319 -1.39655 0.29419 -0.19058 0.00007 0.15463 0.01235 0.10588 1.33707 -0.77590 0.29629 -0.09668 -0.18894 0.07587 0.00000
-0.40013 0.00000 0.06870 0.16217 0.00000 -0.00000 -0.13218 0.00000 -0.08780 -0.28169 0.00000 0.00000 0.00000 0.00000 0.00000 0.26184 -1.39520 0.29474 -0.19449 0.00018 0.15414 0.01221 0.11033 1.33983 -0.77654 0.30068 -0.09586 -0.18888 0.07466 0.00000
-0.39839 0.00000 0.06595 0.16862 0.00000 -0.00000 -0.13256 0.00000 -0.08741 -0.28034 0.00000 0.00000 0.00000 0.00000 0.00000 0.26056 -1.39366 0.29517 -0.19863 0.00034 0.15352 0.01161 0.11466 1.34242 -0.77706 0.30533 -0.09504 -0.18872 0.07353 0.00000
-0.39667 0.00000 0.06339 0.17578 0.00000 -0.00000 -0.13289 0.00000 -0.08702 -0.27907 0.00000 0.00000 0.00000 0.00000 0.00000 0.25932 -1.39193 0.29555 -0.20292 0.00057 0.15279 0.01064 0.11893 1.34485 -0.77740 0.31034 -0.09421 -0.18844 0.07248 0.00000
-0.39488 0.00000 0.06134 0.18336 0.00000 -0.00000 -0.13317 0.00000 -0.08663 -0.27795 0.00000 0.00000 0.00000 0.00000 0.00000 0.25811 -1.39003 0.29595 -0.20730 0.00083 0.15198 0.00940 0.12316 1.34719 -0.77750 0.31576 -0.09339 -0.18805 0.07146 0.00000
-0.39289 0.00000 0.06009 0.19106 0.00000 -0.00000 -0.13342 0.00000 -0.08621 -0.27708 0.00000 0.00000 0.00000 0.00000 0.00000 0.25690 -1.38798 0.29642 -0.21168 0.00113 0.15112 0.00795 0.12735 1.34943 -0.77739 0.32152 -0.09257 -0.18757 0.07047 0.00000
-0.39063 0.00000 0.05999 0.19858 0.00000 -0.00000 -0.13364 0.00000 -0.08576 -0.27652 0.00000 0.00000 0.00000 0.00000 0.00000 0.25565 -1.38579 0.29704 -0.21602 0.00146 0.15023 0.00638 0.13149 1.35157 -0.77712 0.32755 -0.09175 -0.18701 0.06951 0.00000
-0.38850 0.00000 0.06088 0.20697 0.00000 -0.00000 -0.13385 0.00000 -0.08526 -0.27637 0.00000 0.00000 0.00000 0.00000 0.00000 0.25435 -1.38348 0.29786 -0.22022 0.00183 0.14934 0.00478 0.13556 1.35361 -0.77673 0.33379 -0.09091 -0.18640 0.06857 0.00000
-0.38689 0.00000 0.06237 0.21723 0.00000 -0.00000 -0.13407 0.00000 -0.08471 -0.27669 0.00000 0.00000 0.00000 0.00000 0.00000 0.25297 -1.38106 0.29895 -0.22423 0.00221 0.14849 0.00322 0.13955 1.35556 -0.77626 0.34015 -0.09005 -0.18574 0.06764 0.00000
-0.38567 0.00000 0.06436 0.22896 0.00000 -0.00000 -0.13434 0.00000 -0.08415 -0.27719 0.00000 0.00000 0.00000 0.00000 0.00000 0.25147 -1.37854 0.30037 -0.22798 0.00262 0.14770 0.00179 0.14346 1.35743 -0.77574 0.34658 -0.08916 -0.18505 0.06671 0.00000
-0.38469 0.00000 0.06675 0.24175 0.00000 -0.00000 -0.13469 0.00000 -0.08365 -0.27757 0.00000 0.00000 0.00000 0.00000 0.00000 0.24982 -1.37595 0.30220 -0.23140 0.00304 0.14702 0.00055 0.14726 1.35921 -0.77521 0.35301 -0.08824 -0.18437 0.06579 0.00000
-0.38380 0.00000 0.06947 0.25522 0.00000 -0.00000 -0.13509 0.00000 -0.08317 -0.27795 0.00000 0.00000 0.00000 0.00000 0.00000 0.24799 -1.37329 0.30449 -0.23442 0.00349 0.14647 -0.00040 0.15095 1.36091 -0.77470 0.35936 -0.08728 -0.18368 0.06486 0.00000
-0.38285 0.00000 0.07239 0.26898 0.00000 -0.00000 -0.13550 0.00000 -0.08270 -0.27845 0.00000 0.00000 0.00000 0.00000 0.00000 0.24594 -1.37058 0.30731 -0.23698 0.00397 0.14610 -0.00099 0.15452 1.36254 -0.77427 0.36556 -0.08627 -0.18303 0.06391 0.00000
-0.38170 0.00000 0.07544 0.28263 0.00000 -0.00000 -0.13587 0.00000 -0.08221 -0.27919 0.00000 0.00000 0.00000 0.00000 0.00000 0.24365 -1.36774 0.31063 -0.23910 0.00444 0.14590 -0.00126 0.15794 1.36410 -0.77394 0.37155 -0.08522 -0.18242 0.06294 0.00000
-0.38017 0.00000 0.07853 0.29577 0.00000 -0.00000 -0.13617 0.00000 -0.08167 -0.28028 0.00000 0.00000 0.00000 0.00000 0.00000 0.24113 -1.36469 0.31438 -0.24089 0.00488 0.14583 -0.00132 0.16122 1.36560 -0.77376 0.37725 -0.08410 -0.18187 0.06195 0.00000
-0.37813 0.00000 0.08155 0.30803 0.00000 -0.00000 -0.13636 0.00000 -0.08106 -0.28185 0.00000 0.00000 0.00000 0.00000 0.00000 0.23840 -1.36146 0.31851 -0.24238 0.00532 0.14589 -0.00121 0.16435 1.36705 -0.77379 0.38272 -0.08288 -0.18135 0.06093 0.00000
-0.37542 0.00000 0.08443 0.31901 0.00000 -0.00000 -0.13639 0.00000 -0.08037 -0.28402 0.00000 0.00000 0.00000 0.00000 0.00000 0.23550 -1.35810 0.32300 -0.24359 0.00578 0.14605 -0.00096 0.16733 1.36845 -0.77407 0.38809 -0.08154 -0.18082 0.05988 0.00000
